# unix_time, cycles_done, cur_path, paths_total, pending_total, pending_favs, map_size, unique_crashes, unique_hangs, max_depth, execs_per_sec
1706899284, 0, 0, 105, 105, 17, 3.26%, 0, 0, 1, 16.82
1706899289, 0, 7, 134, 134, 17, 3.58%, 0, 0, 2, 208.10
1706899294, 0, 7, 155, 155, 17, 3.77%, 0, 0, 2, 377.74
1706899299, 0, 7, 157, 157, 17, 3.78%, 0, 0, 2, 469.67
1706899304, 0, 7, 160, 160, 17, 3.79%, 0, 0, 2, 640.28
1706899314, 0, 7, 162, 162, 17, 3.81%, 0, 0, 2, 355.42
1706899337, 0, 7, 165, 165, 17, 3.82%, 0, 0, 2, 478.68
1706899342, 0, 7, 166, 166, 17, 3.82%, 0, 0, 2, 609.81
1706899352, 0, 7, 167, 167, 17, 3.83%, 0, 0, 2, 489.07
1706899393, 0, 7, 169, 169, 17, 3.83%, 0, 0, 2, 469.95
1706899398, 0, 7, 174, 174, 17, 3.84%, 0, 0, 2, 439.59
1706899403, 0, 7, 185, 185, 17, 3.86%, 0, 0, 2, 449.93
1706899408, 0, 15, 193, 192, 71, 3.87%, 0, 0, 2, 10.84
1706899429, 0, 15, 195, 194, 71, 3.87%, 0, 0, 2, 20.28
1706899552, 0, 15, 206, 205, 71, 4.02%, 0, 0, 2, 27.64
1706899557, 0, 15, 216, 215, 71, 4.05%, 0, 0, 2, 19.80
1706899562, 0, 15, 228, 227, 71, 4.06%, 0, 0, 2, 21.37
1706899567, 0, 15, 241, 240, 71, 4.06%, 0, 0, 2, 23.75
1706899572, 0, 15, 254, 253, 71, 4.06%, 0, 0, 2, 24.62
1706899577, 0, 15, 264, 263, 71, 4.06%, 0, 0, 2, 25.25
1706899582, 0, 15, 271, 270, 71, 4.06%, 0, 0, 2, 25.74
1706899587, 0, 15, 276, 275, 71, 4.06%, 0, 0, 2, 28.28
1706899593, 0, 15, 282, 281, 71, 4.06%, 0, 0, 2, 26.29
1706899598, 0, 15, 289, 288, 71, 4.06%, 0, 0, 2, 25.53
1706899603, 0, 15, 296, 295, 71, 4.06%, 0, 0, 2, 25.40
1706899608, 0, 15, 306, 305, 71, 4.06%, 0, 0, 2, 24.94
1706899613, 0, 15, 316, 315, 71, 4.06%, 0, 0, 2, 25.81
1706899618, 0, 15, 320, 319, 71, 4.06%, 0, 0, 2, 26.04
1706899623, 0, 15, 324, 323, 71, 4.06%, 0, 0, 2, 25.95
1706899628, 0, 15, 330, 329, 71, 4.06%, 0, 0, 2, 24.91
1706899634, 0, 15, 338, 337, 71, 4.06%, 0, 0, 2, 25.36
1706899639, 0, 15, 346, 345, 71, 4.06%, 0, 0, 2, 27.45
1706899644, 0, 15, 356, 355, 71, 4.06%, 0, 0, 2, 25.99
1706899649, 0, 15, 366, 365, 71, 4.06%, 0, 0, 2, 25.76
1706899654, 0, 15, 375, 374, 71, 4.06%, 0, 0, 2, 26.07
1706899659, 0, 15, 377, 376, 71, 4.06%, 0, 0, 2, 26.25
1706899674, 0, 15, 379, 378, 71, 4.06%, 0, 0, 2, 26.01
1706899679, 0, 15, 380, 379, 71, 4.06%, 0, 0, 2, 26.31
1706899695, 0, 15, 381, 380, 71, 4.06%, 0, 0, 2, 26.00
1706899700, 0, 15, 389, 388, 71, 4.06%, 0, 0, 2, 25.57
1706899705, 0, 15, 391, 390, 71, 4.06%, 0, 0, 2, 26.44
1706899720, 0, 15, 392, 391, 71, 4.06%, 0, 0, 2, 26.14
1706899726, 0, 15, 393, 392, 71, 4.06%, 0, 0, 2, 24.96
1706899731, 0, 15, 394, 393, 71, 4.06%, 0, 0, 2, 25.65
1706899736, 0, 15, 395, 394, 71, 4.06%, 0, 0, 2, 26.35
1706899746, 0, 15, 397, 396, 71, 4.06%, 0, 0, 2, 26.53
1706899813, 0, 15, 401, 400, 71, 4.06%, 0, 0, 2, 26.53
1706899818, 0, 15, 412, 411, 71, 4.06%, 0, 0, 2, 56.32
1706899823, 0, 15, 419, 418, 71, 4.07%, 0, 0, 2, 24.29
1706899828, 0, 15, 421, 420, 71, 4.07%, 0, 0, 2, 22.64
1706899833, 0, 15, 424, 423, 71, 4.07%, 0, 0, 2, 23.11
1706899838, 0, 15, 426, 425, 71, 4.07%, 0, 0, 2, 25.55
1706899843, 0, 15, 429, 428, 71, 4.07%, 0, 0, 2, 25.43
1706899848, 0, 15, 433, 432, 71, 4.07%, 0, 0, 2, 23.45
1706899858, 0, 15, 435, 434, 71, 4.07%, 0, 0, 2, 24.41
1706899869, 0, 15, 436, 435, 71, 4.07%, 0, 0, 2, 17.73
1706899874, 0, 15, 439, 438, 71, 4.07%, 0, 0, 2, 17.84
1706899879, 0, 15, 441, 440, 71, 4.07%, 0, 0, 2, 14.06
1706899884, 0, 15, 442, 441, 71, 4.07%, 0, 0, 2, 20.97
1706899889, 0, 15, 443, 442, 71, 4.07%, 0, 0, 2, 23.68
1706899894, 0, 15, 444, 443, 71, 4.07%, 0, 0, 2, 23.16
1706899904, 0, 15, 446, 445, 71, 4.07%, 0, 0, 2, 23.57
1706899930, 0, 15, 448, 447, 71, 4.07%, 0, 0, 2, 23.97
1706899935, 0, 15, 449, 448, 71, 4.07%, 0, 0, 2, 23.19
1706899945, 0, 15, 450, 449, 71, 4.07%, 0, 0, 2, 25.46
1706899955, 0, 15, 451, 450, 71, 4.07%, 0, 0, 2, 23.11
1706899965, 0, 15, 452, 451, 71, 4.07%, 0, 0, 2, 22.31
1706900052, 0, 15, 455, 454, 71, 4.07%, 0, 0, 2, 25.95
1706900068, 0, 15, 456, 455, 71, 4.07%, 0, 0, 2, 25.51
1706900139, 0, 15, 457, 456, 71, 4.07%, 0, 0, 2, 25.11
1706900155, 0, 15, 458, 457, 71, 4.07%, 0, 0, 2, 24.04
1706900237, 0, 15, 459, 458, 71, 4.07%, 0, 0, 2, 27.63
1706900252, 0, 15, 460, 459, 71, 4.07%, 0, 0, 2, 25.11
1706900686, 0, 15, 462, 461, 71, 4.07%, 0, 0, 2, 24.55
1706900809, 0, 15, 463, 462, 71, 4.07%, 0, 0, 2, 27.80
1706900834, 0, 15, 464, 463, 71, 4.07%, 0, 0, 2, 30.82
1706900885, 0, 15, 465, 464, 71, 4.07%, 0, 0, 2, 27.58
1706900916, 0, 15, 466, 465, 71, 4.07%, 0, 0, 2, 31.86
1706901289, 0, 15, 467, 466, 71, 4.07%, 0, 0, 2, 25.63
1706901697, 0, 15, 468, 467, 71, 4.07%, 0, 0, 2, 35.13
1706901702, 0, 15, 469, 468, 71, 4.07%, 0, 0, 2, 28.49
1706901717, 0, 15, 470, 469, 71, 4.07%, 0, 0, 2, 26.46
1706901819, 0, 15, 471, 470, 71, 4.07%, 0, 0, 2, 26.44
1706901895, 0, 15, 472, 471, 71, 4.07%, 0, 0, 2, 26.75
1706901905, 0, 15, 473, 472, 71, 4.07%, 0, 0, 2, 27.04
1706901916, 0, 15, 474, 473, 71, 4.07%, 0, 0, 2, 26.38
1706901931, 0, 15, 475, 474, 71, 4.07%, 0, 0, 2, 25.91
1706901936, 0, 15, 476, 475, 71, 4.07%, 0, 0, 2, 26.09
1706902370, 0, 15, 477, 476, 71, 4.07%, 0, 0, 2, 27.68
1706902380, 0, 15, 478, 477, 71, 4.07%, 0, 0, 2, 22.03
1706902559, 0, 15, 480, 479, 71, 4.07%, 0, 0, 2, 28.66
1706902580, 0, 15, 481, 480, 71, 4.07%, 0, 0, 2, 26.78
1706902810, 0, 15, 482, 481, 71, 4.07%, 0, 0, 2, 33.15
1706902835, 0, 15, 483, 482, 71, 4.07%, 0, 0, 2, 27.35
1706903449, 0, 15, 484, 483, 71, 4.07%, 0, 0, 2, 25.01
1706903454, 0, 15, 485, 484, 71, 4.07%, 0, 0, 2, 27.11
1706903459, 0, 15, 487, 486, 71, 4.07%, 0, 0, 2, 26.17
1706903688, 0, 15, 489, 488, 71, 4.07%, 0, 0, 2, 26.08
1706904164, 0, 15, 490, 489, 71, 4.07%, 0, 0, 2, 21.41
1706904210, 0, 15, 491, 490, 71, 4.09%, 0, 0, 2, 32.95
1706904338, 0, 15, 493, 492, 71, 4.09%, 0, 0, 2, 38.62
1706904343, 0, 15, 495, 494, 71, 4.09%, 0, 0, 2, 29.11
1706904420, 0, 15, 496, 495, 71, 4.09%, 0, 0, 2, 24.95
1706904619, 0, 15, 497, 496, 71, 4.09%, 0, 0, 2, 21.25
1706904650, 0, 18, 515, 513, 81, 4.16%, 0, 0, 2, 27.83
1706904656, 0, 18, 516, 514, 81, 4.16%, 0, 0, 2, 318.91
1706904666, 0, 18, 518, 516, 81, 4.16%, 0, 0, 2, 177.26
1706904682, 0, 18, 519, 517, 81, 4.16%, 0, 0, 2, 63.16
1706904703, 0, 18, 520, 518, 81, 4.16%, 0, 0, 2, 1592.96
1706904724, 0, 18, 521, 519, 81, 4.16%, 0, 0, 2, 405.00
1706904767, 0, 18, 527, 525, 81, 4.18%, 0, 0, 2, 81.97
1706904772, 0, 18, 529, 527, 81, 4.18%, 0, 0, 2, 1104.48
1706904777, 0, 18, 534, 532, 81, 4.19%, 0, 0, 2, 1600.00
1706904782, 0, 29, 549, 546, 99, 4.23%, 0, 0, 2, 965.17
1706904793, 0, 29, 550, 547, 99, 4.25%, 0, 0, 2, 652.25
